(100,115), (106,102), (101,104), (119,98), (115,100), (107,98), (104,118), (104,115), (100,104), (10,118), -0.147x+121.422, 238.630, 182619.726, 427.340
(100,115), (98,104), (106,118), (115,100), (104,98), (118,104), (106,119), (101,103), (102,98), (98,100), -0.015x+107.449, 107.472, 11611.312, 107.756
(115,118), (10,100), (115,106), (102,101), (104,119), (98,115), (100,107), (98,104), (118,104), (115,100), 0.072x+100.333, 100.380, 10119.423, 100.595
(104,119), (101,52), (50,51), (116,55), (118,104), (100,99), (106,100), (10,118), (100,115), (98,104), -0.059x+96.989, 97.028, 10109.252, 100.545
(106,118), (115,100), (104,98), (118,104), (106,119), (101,103), (102,98), (98,100), (115,118), (10,100), 0.079x+98.139, 98.097, 9688.179, 98.429
(115,106), (102,101), (104,119), (98,115), (100,107), (98,104), (118,104), (115,100), (104,102), (117,121), 0.010x+106.816, 106.829, 11464.919, 107.074
(113,119), (105,98), (99,98), (98,107), (118,122), (120,107), (10,118), (100,115), (98,104), (106,118), -0.046x+115.019, 115.048, 13305.858, 115.351
(115,100), (104,98), (118,104), (106,119), (101,103), (102,98), (98,100), (115,118), (10,100), (115,106), 0.067x+98.022, 98.007, 9655.570, 98.263
(102,101), (104,119), (98,115), (100,107), (98,104), (118,104), (115,100), (104,10), (118,100), (115,98), 0.039x+91.606, 91.619, 9253.542, 96.195
(104,106), (118,115), (100,104), (98,118), (104,106), (119,101), (103,102), (98,98), (100,115), (118,10), -1.713x+279.440, 279.421, 78769.020, 280.658
(100,115), (106,102), (101,104), (119,98), (115,100), (107,98), (104,118), (104,115), (100,104), (119,101), -0.592x+169.144, 169.140, 28642.376, 169.241
(52,50), (51,116), (55,118), (104,100), (99,106), (100,10), (118,100), (115,98), (104,106), (118,115), 0.055x+86.830, 86.862, 8625.374, 92.873
(100,104), (98,118), (104,106), (119,101), (103,102), (98,98), (100,115), (118,10), (100,115), (106,102), -2.687x+378.193, 378.160, 143498.924, 378.813
(101,104), (119,98), (115,100), (107,98), (104,118), (104,115), (100,104), (102,117), (121,113), (119,105), -0.281x+137.893, 137.885, 19062.730, 138.068
(98,99), (98,98), (107,118), (122,120), (107,10), (118,100), (115,98), (104,106), (118,115), (100,104), 0.671x+23.882, 36.222, 1437.675, 37.917
(98,118), (104,106), (119,101), (103,102), (98,98), (100,115), (118,10), (100,115), (106,102), (101,104), -2.716x+381.482, 381.465, 146007.156, 382.109
(119,98), (115,100), (107,98), (104,118), (104,115), (100,104), (10,118), (100,115), (98,104), (106,118), -0.129x+121.178, 121.223, 14749.379, 121.447
(115,100), (104,98), (118,104), (106,119), (101,103), (102,98), (98,100), (115,118), (10,100), (115,106), 0.067x+98.022, 98.007, 9655.570, 98.263
(102,101), (104,119), (98,115), (100,107), (98,104), (118,104), (115,100), (104,119), (101,52), (50,51), 0.831x+14.957, 21.317, 575.659, 23.993
(116,55), (118,104), (100,99), (106,100), (10,118), (100,115), (98,104), (106,118), (115,100), (104,98), -0.241x+124.501, 124.549, 15753.199, 125.512
(118,104), (106,119), (101,103), (102,98), (98,100), (115,118), (10,100), (115,106), (102,101), (104,119), 0.093x+97.806, 97.770, 9616.277, 98.063
(98,115), (100,107), (98,104), (118,104), (115,100), (104,102), (117,121), (113,119), (105,98), (99,98), 0.300x+74.795, 74.790, 5653.833, 75.192
(98,107), (118,122), (120,107), (10,118), (100,115), (98,104), (106,118), (115,100), (104,98), (118,104), -0.086x+117.823, 117.788, 13929.649, 118.024
